[SETTINGS]
WIDTH=1.07161998748779
LENGTH=2.31466794013977

