[DASH_CAM]
POS=0.386993,1.25401,-0.27213
EXP=25
