[SETTINGS]
WIDTH=0.934666514396667
LENGTH=2.11193156242371

