[DASH_CAM]
POS=0.284684,1.02088,0.115542
EXP=29
