[DASH_CAM]
POS=0.35788,1.07199,-0.239014
EXP=0
